(kicad_pcb (version 20171130) (host pcbnew "(5.1.8)-1")

  (general
    (thickness 1.6)
    (drawings 15)
    (tracks 168)
    (zones 0)
    (modules 21)
    (nets 40)
  )

  (page A4)
  (layers
    (0 F.Cu signal)
    (31 B.Cu signal)
    (32 B.Adhes user)
    (33 F.Adhes user)
    (34 B.Paste user)
    (35 F.Paste user)
    (36 B.SilkS user)
    (37 F.SilkS user)
    (38 B.Mask user)
    (39 F.Mask user)
    (40 Dwgs.User user)
    (41 Cmts.User user)
    (42 Eco1.User user)
    (43 Eco2.User user)
    (44 Edge.Cuts user)
    (45 Margin user)
    (46 B.CrtYd user)
    (47 F.CrtYd user)
    (48 B.Fab user hide)
    (49 F.Fab user hide)
  )

  (setup
    (last_trace_width 0.25)
    (trace_clearance 0.2)
    (zone_clearance 0.508)
    (zone_45_only no)
    (trace_min 0.2)
    (via_size 0.8)
    (via_drill 0.4)
    (via_min_size 0.4)
    (via_min_drill 0.3)
    (user_via 0.6 0.3)
    (uvia_size 0.3)
    (uvia_drill 0.1)
    (uvias_allowed no)
    (uvia_min_size 0.2)
    (uvia_min_drill 0.1)
    (edge_width 0.05)
    (segment_width 0.2)
    (pcb_text_width 0.3)
    (pcb_text_size 1.5 1.5)
    (mod_edge_width 0.12)
    (mod_text_size 1 1)
    (mod_text_width 0.15)
    (pad_size 3 3)
    (pad_drill 2)
    (pad_to_mask_clearance 0.05)
    (aux_axis_origin 0 0)
    (grid_origin 120 110)
    (visible_elements 7FFFFFFF)
    (pcbplotparams
      (layerselection 0x010fc_ffffffff)
      (usegerberextensions false)
      (usegerberattributes true)
      (usegerberadvancedattributes true)
      (creategerberjobfile true)
      (excludeedgelayer true)
      (linewidth 0.100000)
      (plotframeref false)
      (viasonmask false)
      (mode 1)
      (useauxorigin false)
      (hpglpennumber 1)
      (hpglpenspeed 20)
      (hpglpendiameter 15.000000)
      (psnegative false)
      (psa4output false)
      (plotreference true)
      (plotvalue true)
      (plotinvisibletext false)
      (padsonsilk false)
      (subtractmaskfromsilk false)
      (outputformat 1)
      (mirror false)
      (drillshape 0)
      (scaleselection 1)
      (outputdirectory "gerber/"))
  )

  (net 0 "")
  (net 1 GND)
  (net 2 VBUS)
  (net 3 +3V3)
  (net 4 VDD)
  (net 5 "Net-(D1-Pad2)")
  (net 6 "Net-(D1-Pad1)")
  (net 7 /RXD)
  (net 8 "Net-(D2-Pad2)")
  (net 9 "Net-(J1-PadA7)")
  (net 10 "Net-(J1-PadA6)")
  (net 11 "Net-(J1-PadB8)")
  (net 12 "Net-(J1-PadA5)")
  (net 13 "Net-(J1-PadA8)")
  (net 14 "Net-(J1-PadB5)")
  (net 15 /TXD)
  (net 16 /D-)
  (net 17 /D+)
  (net 18 "Net-(R3-Pad2)")
  (net 19 "Net-(R5-Pad2)")
  (net 20 "Net-(U2-Pad1)")
  (net 21 "Net-(U2-Pad2)")
  (net 22 "Net-(U2-Pad10)")
  (net 23 "Net-(U2-Pad11)")
  (net 24 "Net-(U2-Pad12)")
  (net 25 "Net-(U2-Pad13)")
  (net 26 "Net-(U2-Pad14)")
  (net 27 "Net-(U2-Pad15)")
  (net 28 "Net-(U2-Pad16)")
  (net 29 "Net-(U2-Pad17)")
  (net 30 "Net-(U2-Pad18)")
  (net 31 "Net-(U2-Pad19)")
  (net 32 "Net-(U2-Pad20)")
  (net 33 "Net-(U2-Pad21)")
  (net 34 "Net-(U2-Pad22)")
  (net 35 "Net-(U2-Pad23)")
  (net 36 "Net-(U2-Pad24)")
  (net 37 "Net-(U2-Pad27)")
  (net 38 "Net-(U2-Pad28)")
  (net 39 "Net-(D3-Pad2)")

  (net_class Default "This is the default net class."
    (clearance 0.2)
    (trace_width 0.25)
    (via_dia 0.8)
    (via_drill 0.4)
    (uvia_dia 0.3)
    (uvia_drill 0.1)
    (add_net +3V3)
    (add_net /D+)
    (add_net /D-)
    (add_net /RXD)
    (add_net /TXD)
    (add_net GND)
    (add_net "Net-(D1-Pad1)")
    (add_net "Net-(D1-Pad2)")
    (add_net "Net-(D2-Pad2)")
    (add_net "Net-(D3-Pad2)")
    (add_net "Net-(J1-PadA5)")
    (add_net "Net-(J1-PadA6)")
    (add_net "Net-(J1-PadA7)")
    (add_net "Net-(J1-PadA8)")
    (add_net "Net-(J1-PadB5)")
    (add_net "Net-(J1-PadB8)")
    (add_net "Net-(R3-Pad2)")
    (add_net "Net-(R5-Pad2)")
    (add_net "Net-(U2-Pad1)")
    (add_net "Net-(U2-Pad10)")
    (add_net "Net-(U2-Pad11)")
    (add_net "Net-(U2-Pad12)")
    (add_net "Net-(U2-Pad13)")
    (add_net "Net-(U2-Pad14)")
    (add_net "Net-(U2-Pad15)")
    (add_net "Net-(U2-Pad16)")
    (add_net "Net-(U2-Pad17)")
    (add_net "Net-(U2-Pad18)")
    (add_net "Net-(U2-Pad19)")
    (add_net "Net-(U2-Pad2)")
    (add_net "Net-(U2-Pad20)")
    (add_net "Net-(U2-Pad21)")
    (add_net "Net-(U2-Pad22)")
    (add_net "Net-(U2-Pad23)")
    (add_net "Net-(U2-Pad24)")
    (add_net "Net-(U2-Pad27)")
    (add_net "Net-(U2-Pad28)")
    (add_net VBUS)
    (add_net VDD)
  )

  (module TestPoint:TestPoint_Plated_Hole_D2.0mm (layer F.Cu) (tedit 5F1AFEBC) (tstamp 5F1B7A3B)
    (at 121.905 96.157)
    (descr "Plated Hole as test Point, diameter 2.0mm")
    (tags "test point plated hole")
    (attr virtual)
    (fp_text reference REF** (at 0 -2.498) (layer F.SilkS) hide
      (effects (font (size 1 1) (thickness 0.15)))
    )
    (fp_text value TestPoint_Plated_Hole_D2.0mm (at 0 2.45) (layer F.Fab)
      (effects (font (size 1 1) (thickness 0.15)))
    )
    (fp_circle (center 0 0) (end 0 -1.7) (layer F.SilkS) (width 0.12))
    (fp_circle (center 0 0) (end 1.8 0) (layer F.CrtYd) (width 0.05))
    (fp_text user %R (at 0 -2.5) (layer F.Fab)
      (effects (font (size 1 1) (thickness 0.15)))
    )
    (pad 1 thru_hole circle (at 0 0) (size 3 3) (drill 2) (layers *.Cu *.Mask)
      (net 1 GND))
  )

  (module Resistor_SMD:R_0603_1608Metric (layer F.Cu) (tedit 5B301BBD) (tstamp 5F1B1522)
    (at 126.1 95.649 270)
    (descr "Resistor SMD 0603 (1608 Metric), square (rectangular) end terminal, IPC_7351 nominal, (Body size source: http://www.tortai-tech.com/upload/download/2011102023233369053.pdf), generated with kicad-footprint-generator")
    (tags resistor)
    (path /5F24024C)
    (attr smd)
    (fp_text reference R8 (at 2.413 0.004 90) (layer F.SilkS)
      (effects (font (size 1 1) (thickness 0.15)))
    )
    (fp_text value 1K (at -2.794 1.528 90) (layer F.Fab)
      (effects (font (size 1 1) (thickness 0.15)))
    )
    (fp_line (start -0.8 0.4) (end -0.8 -0.4) (layer F.Fab) (width 0.1))
    (fp_line (start -0.8 -0.4) (end 0.8 -0.4) (layer F.Fab) (width 0.1))
    (fp_line (start 0.8 -0.4) (end 0.8 0.4) (layer F.Fab) (width 0.1))
    (fp_line (start 0.8 0.4) (end -0.8 0.4) (layer F.Fab) (width 0.1))
    (fp_line (start -0.162779 -0.51) (end 0.162779 -0.51) (layer F.SilkS) (width 0.12))
    (fp_line (start -0.162779 0.51) (end 0.162779 0.51) (layer F.SilkS) (width 0.12))
    (fp_line (start -1.48 0.73) (end -1.48 -0.73) (layer F.CrtYd) (width 0.05))
    (fp_line (start -1.48 -0.73) (end 1.48 -0.73) (layer F.CrtYd) (width 0.05))
    (fp_line (start 1.48 -0.73) (end 1.48 0.73) (layer F.CrtYd) (width 0.05))
    (fp_line (start 1.48 0.73) (end -1.48 0.73) (layer F.CrtYd) (width 0.05))
    (fp_text user %R (at 0 0 90) (layer F.Fab)
      (effects (font (size 0.4 0.4) (thickness 0.06)))
    )
    (pad 2 smd roundrect (at 0.7875 0 270) (size 0.875 0.95) (layers F.Cu F.Paste F.Mask) (roundrect_rratio 0.25)
      (net 3 +3V3))
    (pad 1 smd roundrect (at -0.7875 0 270) (size 0.875 0.95) (layers F.Cu F.Paste F.Mask) (roundrect_rratio 0.25)
      (net 39 "Net-(D3-Pad2)"))
    (model ${KISYS3DMOD}/Resistor_SMD.3dshapes/R_0603_1608Metric.wrl
      (at (xyz 0 0 0))
      (scale (xyz 1 1 1))
      (rotate (xyz 0 0 0))
    )
  )

  (module LED_SMD:LED_0603_1608Metric (layer F.Cu) (tedit 5B301BBE) (tstamp 5F1B132D)
    (at 124.5 95.649 90)
    (descr "LED SMD 0603 (1608 Metric), square (rectangular) end terminal, IPC_7351 nominal, (Body size source: http://www.tortai-tech.com/upload/download/2011102023233369053.pdf), generated with kicad-footprint-generator")
    (tags diode)
    (path /5F240A6F)
    (attr smd)
    (fp_text reference D3 (at -2.54 0.072 90) (layer F.SilkS)
      (effects (font (size 1 1) (thickness 0.15)))
    )
    (fp_text value LED (at 3.175 1.596 90) (layer F.Fab)
      (effects (font (size 1 1) (thickness 0.15)))
    )
    (fp_line (start 0.8 -0.4) (end -0.5 -0.4) (layer F.Fab) (width 0.1))
    (fp_line (start -0.5 -0.4) (end -0.8 -0.1) (layer F.Fab) (width 0.1))
    (fp_line (start -0.8 -0.1) (end -0.8 0.4) (layer F.Fab) (width 0.1))
    (fp_line (start -0.8 0.4) (end 0.8 0.4) (layer F.Fab) (width 0.1))
    (fp_line (start 0.8 0.4) (end 0.8 -0.4) (layer F.Fab) (width 0.1))
    (fp_line (start 0.8 -0.735) (end -1.485 -0.735) (layer F.SilkS) (width 0.12))
    (fp_line (start -1.485 -0.735) (end -1.485 0.735) (layer F.SilkS) (width 0.12))
    (fp_line (start -1.485 0.735) (end 0.8 0.735) (layer F.SilkS) (width 0.12))
    (fp_line (start -1.48 0.73) (end -1.48 -0.73) (layer F.CrtYd) (width 0.05))
    (fp_line (start -1.48 -0.73) (end 1.48 -0.73) (layer F.CrtYd) (width 0.05))
    (fp_line (start 1.48 -0.73) (end 1.48 0.73) (layer F.CrtYd) (width 0.05))
    (fp_line (start 1.48 0.73) (end -1.48 0.73) (layer F.CrtYd) (width 0.05))
    (fp_text user %R (at 0 0 90) (layer F.Fab)
      (effects (font (size 0.4 0.4) (thickness 0.06)))
    )
    (pad 2 smd roundrect (at 0.7875 0 90) (size 0.875 0.95) (layers F.Cu F.Paste F.Mask) (roundrect_rratio 0.25)
      (net 39 "Net-(D3-Pad2)"))
    (pad 1 smd roundrect (at -0.7875 0 90) (size 0.875 0.95) (layers F.Cu F.Paste F.Mask) (roundrect_rratio 0.25)
      (net 1 GND))
    (model ${KISYS3DMOD}/LED_SMD.3dshapes/LED_0603_1608Metric.wrl
      (at (xyz 0 0 0))
      (scale (xyz 1 1 1))
      (rotate (xyz 0 0 0))
    )
  )

  (module Connector_PinHeader_2.54mm:PinHeader_1x05_P2.54mm_Horizontal (layer F.Cu) (tedit 59FED5CB) (tstamp 5F1AFB37)
    (at 146.924 96.792)
    (descr "Through hole angled pin header, 1x05, 2.54mm pitch, 6mm pin length, single row")
    (tags "Through hole angled pin header THT 1x05 2.54mm single row")
    (path /5F216299)
    (fp_text reference J2 (at 1.524 -2.032) (layer F.SilkS) hide
      (effects (font (size 1 1) (thickness 0.15)))
    )
    (fp_text value Conn_01x05 (at 4.385 12.43) (layer F.Fab)
      (effects (font (size 1 1) (thickness 0.15)))
    )
    (fp_line (start 2.135 -1.27) (end 4.04 -1.27) (layer F.Fab) (width 0.1))
    (fp_line (start 4.04 -1.27) (end 4.04 11.43) (layer F.Fab) (width 0.1))
    (fp_line (start 4.04 11.43) (end 1.5 11.43) (layer F.Fab) (width 0.1))
    (fp_line (start 1.5 11.43) (end 1.5 -0.635) (layer F.Fab) (width 0.1))
    (fp_line (start 1.5 -0.635) (end 2.135 -1.27) (layer F.Fab) (width 0.1))
    (fp_line (start -0.32 -0.32) (end 1.5 -0.32) (layer F.Fab) (width 0.1))
    (fp_line (start -0.32 -0.32) (end -0.32 0.32) (layer F.Fab) (width 0.1))
    (fp_line (start -0.32 0.32) (end 1.5 0.32) (layer F.Fab) (width 0.1))
    (fp_line (start 4.04 -0.32) (end 10.04 -0.32) (layer F.Fab) (width 0.1))
    (fp_line (start 10.04 -0.32) (end 10.04 0.32) (layer F.Fab) (width 0.1))
    (fp_line (start 4.04 0.32) (end 10.04 0.32) (layer F.Fab) (width 0.1))
    (fp_line (start -0.32 2.22) (end 1.5 2.22) (layer F.Fab) (width 0.1))
    (fp_line (start -0.32 2.22) (end -0.32 2.86) (layer F.Fab) (width 0.1))
    (fp_line (start -0.32 2.86) (end 1.5 2.86) (layer F.Fab) (width 0.1))
    (fp_line (start 4.04 2.22) (end 10.04 2.22) (layer F.Fab) (width 0.1))
    (fp_line (start 10.04 2.22) (end 10.04 2.86) (layer F.Fab) (width 0.1))
    (fp_line (start 4.04 2.86) (end 10.04 2.86) (layer F.Fab) (width 0.1))
    (fp_line (start -0.32 4.76) (end 1.5 4.76) (layer F.Fab) (width 0.1))
    (fp_line (start -0.32 4.76) (end -0.32 5.4) (layer F.Fab) (width 0.1))
    (fp_line (start -0.32 5.4) (end 1.5 5.4) (layer F.Fab) (width 0.1))
    (fp_line (start 4.04 4.76) (end 10.04 4.76) (layer F.Fab) (width 0.1))
    (fp_line (start 10.04 4.76) (end 10.04 5.4) (layer F.Fab) (width 0.1))
    (fp_line (start 4.04 5.4) (end 10.04 5.4) (layer F.Fab) (width 0.1))
    (fp_line (start -0.32 7.3) (end 1.5 7.3) (layer F.Fab) (width 0.1))
    (fp_line (start -0.32 7.3) (end -0.32 7.94) (layer F.Fab) (width 0.1))
    (fp_line (start -0.32 7.94) (end 1.5 7.94) (layer F.Fab) (width 0.1))
    (fp_line (start 4.04 7.3) (end 10.04 7.3) (layer F.Fab) (width 0.1))
    (fp_line (start 10.04 7.3) (end 10.04 7.94) (layer F.Fab) (width 0.1))
    (fp_line (start 4.04 7.94) (end 10.04 7.94) (layer F.Fab) (width 0.1))
    (fp_line (start -0.32 9.84) (end 1.5 9.84) (layer F.Fab) (width 0.1))
    (fp_line (start -0.32 9.84) (end -0.32 10.48) (layer F.Fab) (width 0.1))
    (fp_line (start -0.32 10.48) (end 1.5 10.48) (layer F.Fab) (width 0.1))
    (fp_line (start 4.04 9.84) (end 10.04 9.84) (layer F.Fab) (width 0.1))
    (fp_line (start 10.04 9.84) (end 10.04 10.48) (layer F.Fab) (width 0.1))
    (fp_line (start 4.04 10.48) (end 10.04 10.48) (layer F.Fab) (width 0.1))
    (fp_line (start 1.44 -1.33) (end 1.44 11.49) (layer F.SilkS) (width 0.12))
    (fp_line (start 1.44 11.49) (end 4.1 11.49) (layer F.SilkS) (width 0.12))
    (fp_line (start 4.1 11.49) (end 4.1 -1.33) (layer F.SilkS) (width 0.12))
    (fp_line (start 4.1 -1.33) (end 1.44 -1.33) (layer F.SilkS) (width 0.12))
    (fp_line (start 4.1 -0.38) (end 10.1 -0.38) (layer F.SilkS) (width 0.12))
    (fp_line (start 10.1 -0.38) (end 10.1 0.38) (layer F.SilkS) (width 0.12))
    (fp_line (start 10.1 0.38) (end 4.1 0.38) (layer F.SilkS) (width 0.12))
    (fp_line (start 4.1 -0.32) (end 10.1 -0.32) (layer F.SilkS) (width 0.12))
    (fp_line (start 4.1 -0.2) (end 10.1 -0.2) (layer F.SilkS) (width 0.12))
    (fp_line (start 4.1 -0.08) (end 10.1 -0.08) (layer F.SilkS) (width 0.12))
    (fp_line (start 4.1 0.04) (end 10.1 0.04) (layer F.SilkS) (width 0.12))
    (fp_line (start 4.1 0.16) (end 10.1 0.16) (layer F.SilkS) (width 0.12))
    (fp_line (start 4.1 0.28) (end 10.1 0.28) (layer F.SilkS) (width 0.12))
    (fp_line (start 1.11 -0.38) (end 1.44 -0.38) (layer F.SilkS) (width 0.12))
    (fp_line (start 1.11 0.38) (end 1.44 0.38) (layer F.SilkS) (width 0.12))
    (fp_line (start 1.44 1.27) (end 4.1 1.27) (layer F.SilkS) (width 0.12))
    (fp_line (start 4.1 2.16) (end 10.1 2.16) (layer F.SilkS) (width 0.12))
    (fp_line (start 10.1 2.16) (end 10.1 2.92) (layer F.SilkS) (width 0.12))
    (fp_line (start 10.1 2.92) (end 4.1 2.92) (layer F.SilkS) (width 0.12))
    (fp_line (start 1.042929 2.16) (end 1.44 2.16) (layer F.SilkS) (width 0.12))
    (fp_line (start 1.042929 2.92) (end 1.44 2.92) (layer F.SilkS) (width 0.12))
    (fp_line (start 1.44 3.81) (end 4.1 3.81) (layer F.SilkS) (width 0.12))
    (fp_line (start 4.1 4.7) (end 10.1 4.7) (layer F.SilkS) (width 0.12))
    (fp_line (start 10.1 4.7) (end 10.1 5.46) (layer F.SilkS) (width 0.12))
    (fp_line (start 10.1 5.46) (end 4.1 5.46) (layer F.SilkS) (width 0.12))
    (fp_line (start 1.042929 4.7) (end 1.44 4.7) (layer F.SilkS) (width 0.12))
    (fp_line (start 1.042929 5.46) (end 1.44 5.46) (layer F.SilkS) (width 0.12))
    (fp_line (start 1.44 6.35) (end 4.1 6.35) (layer F.SilkS) (width 0.12))
    (fp_line (start 4.1 7.24) (end 10.1 7.24) (layer F.SilkS) (width 0.12))
    (fp_line (start 10.1 7.24) (end 10.1 8) (layer F.SilkS) (width 0.12))
    (fp_line (start 10.1 8) (end 4.1 8) (layer F.SilkS) (width 0.12))
    (fp_line (start 1.042929 7.24) (end 1.44 7.24) (layer F.SilkS) (width 0.12))
    (fp_line (start 1.042929 8) (end 1.44 8) (layer F.SilkS) (width 0.12))
    (fp_line (start 1.44 8.89) (end 4.1 8.89) (layer F.SilkS) (width 0.12))
    (fp_line (start 4.1 9.78) (end 10.1 9.78) (layer F.SilkS) (width 0.12))
    (fp_line (start 10.1 9.78) (end 10.1 10.54) (layer F.SilkS) (width 0.12))
    (fp_line (start 10.1 10.54) (end 4.1 10.54) (layer F.SilkS) (width 0.12))
    (fp_line (start 1.042929 9.78) (end 1.44 9.78) (layer F.SilkS) (width 0.12))
    (fp_line (start 1.042929 10.54) (end 1.44 10.54) (layer F.SilkS) (width 0.12))
    (fp_line (start -1.27 0) (end -1.27 -1.27) (layer F.SilkS) (width 0.12))
    (fp_line (start -1.27 -1.27) (end 0 -1.27) (layer F.SilkS) (width 0.12))
    (fp_line (start -1.8 -1.8) (end -1.8 11.95) (layer F.CrtYd) (width 0.05))
    (fp_line (start -1.8 11.95) (end 10.55 11.95) (layer F.CrtYd) (width 0.05))
    (fp_line (start 10.55 11.95) (end 10.55 -1.8) (layer F.CrtYd) (width 0.05))
    (fp_line (start 10.55 -1.8) (end -1.8 -1.8) (layer F.CrtYd) (width 0.05))
    (fp_text user %R (at 2.77 5.08 90) (layer F.Fab)
      (effects (font (size 1 1) (thickness 0.15)))
    )
    (pad 5 thru_hole oval (at 0 10.16) (size 1.7 1.7) (drill 1) (layers *.Cu *.Mask)
      (net 2 VBUS))
    (pad 4 thru_hole oval (at 0 7.62) (size 1.7 1.7) (drill 1) (layers *.Cu *.Mask)
      (net 3 +3V3))
    (pad 3 thru_hole oval (at 0 5.08) (size 1.7 1.7) (drill 1) (layers *.Cu *.Mask)
      (net 1 GND))
    (pad 2 thru_hole oval (at 0 2.54) (size 1.7 1.7) (drill 1) (layers *.Cu *.Mask)
      (net 15 /TXD))
    (pad 1 thru_hole rect (at 0 0) (size 1.7 1.7) (drill 1) (layers *.Cu *.Mask)
      (net 7 /RXD))
    (model ${KISYS3DMOD}/Connector_PinHeader_2.54mm.3dshapes/PinHeader_1x05_P2.54mm_Horizontal.wrl
      (at (xyz 0 0 0))
      (scale (xyz 1 1 1))
      (rotate (xyz 0 0 0))
    )
  )

  (module Capacitor_SMD:C_0603_1608Metric (layer F.Cu) (tedit 5B301BBE) (tstamp 5F1AFA56)
    (at 127.7 95.649 90)
    (descr "Capacitor SMD 0603 (1608 Metric), square (rectangular) end terminal, IPC_7351 nominal, (Body size source: http://www.tortai-tech.com/upload/download/2011102023233369053.pdf), generated with kicad-footprint-generator")
    (tags capacitor)
    (path /5F1B981A)
    (attr smd)
    (fp_text reference C1 (at -2.413 0.047 90) (layer F.SilkS)
      (effects (font (size 1 1) (thickness 0.15)))
    )
    (fp_text value 10uF (at 3.556 0.047 90) (layer F.Fab)
      (effects (font (size 1 1) (thickness 0.15)))
    )
    (fp_line (start -0.8 0.4) (end -0.8 -0.4) (layer F.Fab) (width 0.1))
    (fp_line (start -0.8 -0.4) (end 0.8 -0.4) (layer F.Fab) (width 0.1))
    (fp_line (start 0.8 -0.4) (end 0.8 0.4) (layer F.Fab) (width 0.1))
    (fp_line (start 0.8 0.4) (end -0.8 0.4) (layer F.Fab) (width 0.1))
    (fp_line (start -0.162779 -0.51) (end 0.162779 -0.51) (layer F.SilkS) (width 0.12))
    (fp_line (start -0.162779 0.51) (end 0.162779 0.51) (layer F.SilkS) (width 0.12))
    (fp_line (start -1.48 0.73) (end -1.48 -0.73) (layer F.CrtYd) (width 0.05))
    (fp_line (start -1.48 -0.73) (end 1.48 -0.73) (layer F.CrtYd) (width 0.05))
    (fp_line (start 1.48 -0.73) (end 1.48 0.73) (layer F.CrtYd) (width 0.05))
    (fp_line (start 1.48 0.73) (end -1.48 0.73) (layer F.CrtYd) (width 0.05))
    (fp_text user %R (at 0 0 90) (layer F.Fab)
      (effects (font (size 0.4 0.4) (thickness 0.06)))
    )
    (pad 2 smd roundrect (at 0.7875 0 90) (size 0.875 0.95) (layers F.Cu F.Paste F.Mask) (roundrect_rratio 0.25)
      (net 1 GND))
    (pad 1 smd roundrect (at -0.7875 0 90) (size 0.875 0.95) (layers F.Cu F.Paste F.Mask) (roundrect_rratio 0.25)
      (net 2 VBUS))
    (model ${KISYS3DMOD}/Capacitor_SMD.3dshapes/C_0603_1608Metric.wrl
      (at (xyz 0 0 0))
      (scale (xyz 1 1 1))
      (rotate (xyz 0 0 0))
    )
  )

  (module Capacitor_SMD:C_0603_1608Metric (layer F.Cu) (tedit 5B301BBE) (tstamp 5F1AFA67)
    (at 129.3 95.649 90)
    (descr "Capacitor SMD 0603 (1608 Metric), square (rectangular) end terminal, IPC_7351 nominal, (Body size source: http://www.tortai-tech.com/upload/download/2011102023233369053.pdf), generated with kicad-footprint-generator")
    (tags capacitor)
    (path /5F1B8977)
    (attr smd)
    (fp_text reference C2 (at -2.413 0.098 90) (layer F.SilkS)
      (effects (font (size 1 1) (thickness 0.15)))
    )
    (fp_text value 100nF (at 4.064 -0.029 90) (layer F.Fab)
      (effects (font (size 1 1) (thickness 0.15)))
    )
    (fp_line (start 1.48 0.73) (end -1.48 0.73) (layer F.CrtYd) (width 0.05))
    (fp_line (start 1.48 -0.73) (end 1.48 0.73) (layer F.CrtYd) (width 0.05))
    (fp_line (start -1.48 -0.73) (end 1.48 -0.73) (layer F.CrtYd) (width 0.05))
    (fp_line (start -1.48 0.73) (end -1.48 -0.73) (layer F.CrtYd) (width 0.05))
    (fp_line (start -0.162779 0.51) (end 0.162779 0.51) (layer F.SilkS) (width 0.12))
    (fp_line (start -0.162779 -0.51) (end 0.162779 -0.51) (layer F.SilkS) (width 0.12))
    (fp_line (start 0.8 0.4) (end -0.8 0.4) (layer F.Fab) (width 0.1))
    (fp_line (start 0.8 -0.4) (end 0.8 0.4) (layer F.Fab) (width 0.1))
    (fp_line (start -0.8 -0.4) (end 0.8 -0.4) (layer F.Fab) (width 0.1))
    (fp_line (start -0.8 0.4) (end -0.8 -0.4) (layer F.Fab) (width 0.1))
    (fp_text user %R (at 0 0 90) (layer F.Fab)
      (effects (font (size 0.4 0.4) (thickness 0.06)))
    )
    (pad 1 smd roundrect (at -0.7875 0 90) (size 0.875 0.95) (layers F.Cu F.Paste F.Mask) (roundrect_rratio 0.25)
      (net 2 VBUS))
    (pad 2 smd roundrect (at 0.7875 0 90) (size 0.875 0.95) (layers F.Cu F.Paste F.Mask) (roundrect_rratio 0.25)
      (net 1 GND))
    (model ${KISYS3DMOD}/Capacitor_SMD.3dshapes/C_0603_1608Metric.wrl
      (at (xyz 0 0 0))
      (scale (xyz 1 1 1))
      (rotate (xyz 0 0 0))
    )
  )

  (module Capacitor_SMD:C_0603_1608Metric (layer F.Cu) (tedit 5B301BBE) (tstamp 5F1AFA78)
    (at 135.3 105.5 270)
    (descr "Capacitor SMD 0603 (1608 Metric), square (rectangular) end terminal, IPC_7351 nominal, (Body size source: http://www.tortai-tech.com/upload/download/2011102023233369053.pdf), generated with kicad-footprint-generator")
    (tags capacitor)
    (path /5F1C2B87)
    (attr smd)
    (fp_text reference C3 (at -1.977 -1.718 180) (layer F.SilkS)
      (effects (font (size 1 1) (thickness 0.15)))
    )
    (fp_text value 10uF (at 6.532 -0.067 90) (layer F.Fab)
      (effects (font (size 1 1) (thickness 0.15)))
    )
    (fp_line (start -0.8 0.4) (end -0.8 -0.4) (layer F.Fab) (width 0.1))
    (fp_line (start -0.8 -0.4) (end 0.8 -0.4) (layer F.Fab) (width 0.1))
    (fp_line (start 0.8 -0.4) (end 0.8 0.4) (layer F.Fab) (width 0.1))
    (fp_line (start 0.8 0.4) (end -0.8 0.4) (layer F.Fab) (width 0.1))
    (fp_line (start -0.162779 -0.51) (end 0.162779 -0.51) (layer F.SilkS) (width 0.12))
    (fp_line (start -0.162779 0.51) (end 0.162779 0.51) (layer F.SilkS) (width 0.12))
    (fp_line (start -1.48 0.73) (end -1.48 -0.73) (layer F.CrtYd) (width 0.05))
    (fp_line (start -1.48 -0.73) (end 1.48 -0.73) (layer F.CrtYd) (width 0.05))
    (fp_line (start 1.48 -0.73) (end 1.48 0.73) (layer F.CrtYd) (width 0.05))
    (fp_line (start 1.48 0.73) (end -1.48 0.73) (layer F.CrtYd) (width 0.05))
    (fp_text user %R (at 0 0 90) (layer F.Fab)
      (effects (font (size 0.4 0.4) (thickness 0.06)))
    )
    (pad 2 smd roundrect (at 0.7875 0 270) (size 0.875 0.95) (layers F.Cu F.Paste F.Mask) (roundrect_rratio 0.25)
      (net 1 GND))
    (pad 1 smd roundrect (at -0.7875 0 270) (size 0.875 0.95) (layers F.Cu F.Paste F.Mask) (roundrect_rratio 0.25)
      (net 3 +3V3))
    (model ${KISYS3DMOD}/Capacitor_SMD.3dshapes/C_0603_1608Metric.wrl
      (at (xyz 0 0 0))
      (scale (xyz 1 1 1))
      (rotate (xyz 0 0 0))
    )
  )

  (module Capacitor_SMD:C_0603_1608Metric (layer F.Cu) (tedit 5B301BBE) (tstamp 5F1AFA89)
    (at 133.7 105.5 270)
    (descr "Capacitor SMD 0603 (1608 Metric), square (rectangular) end terminal, IPC_7351 nominal, (Body size source: http://www.tortai-tech.com/upload/download/2011102023233369053.pdf), generated with kicad-footprint-generator")
    (tags capacitor)
    (path /5F1C2B81)
    (attr smd)
    (fp_text reference C4 (at 2.595 -0.016 90) (layer F.SilkS)
      (effects (font (size 1 1) (thickness 0.15)))
    )
    (fp_text value 100nF (at 3.992 -0.016 90) (layer F.Fab)
      (effects (font (size 1 1) (thickness 0.15)))
    )
    (fp_line (start 1.48 0.73) (end -1.48 0.73) (layer F.CrtYd) (width 0.05))
    (fp_line (start 1.48 -0.73) (end 1.48 0.73) (layer F.CrtYd) (width 0.05))
    (fp_line (start -1.48 -0.73) (end 1.48 -0.73) (layer F.CrtYd) (width 0.05))
    (fp_line (start -1.48 0.73) (end -1.48 -0.73) (layer F.CrtYd) (width 0.05))
    (fp_line (start -0.162779 0.51) (end 0.162779 0.51) (layer F.SilkS) (width 0.12))
    (fp_line (start -0.162779 -0.51) (end 0.162779 -0.51) (layer F.SilkS) (width 0.12))
    (fp_line (start 0.8 0.4) (end -0.8 0.4) (layer F.Fab) (width 0.1))
    (fp_line (start 0.8 -0.4) (end 0.8 0.4) (layer F.Fab) (width 0.1))
    (fp_line (start -0.8 -0.4) (end 0.8 -0.4) (layer F.Fab) (width 0.1))
    (fp_line (start -0.8 0.4) (end -0.8 -0.4) (layer F.Fab) (width 0.1))
    (fp_text user %R (at 0 0 90) (layer F.Fab)
      (effects (font (size 0.4 0.4) (thickness 0.06)))
    )
    (pad 1 smd roundrect (at -0.7875 0 270) (size 0.875 0.95) (layers F.Cu F.Paste F.Mask) (roundrect_rratio 0.25)
      (net 3 +3V3))
    (pad 2 smd roundrect (at 0.7875 0 270) (size 0.875 0.95) (layers F.Cu F.Paste F.Mask) (roundrect_rratio 0.25)
      (net 1 GND))
    (model ${KISYS3DMOD}/Capacitor_SMD.3dshapes/C_0603_1608Metric.wrl
      (at (xyz 0 0 0))
      (scale (xyz 1 1 1))
      (rotate (xyz 0 0 0))
    )
  )

  (module Capacitor_SMD:C_0603_1608Metric (layer F.Cu) (tedit 5B301BBE) (tstamp 5F1AFA9A)
    (at 136.9 105.4875 90)
    (descr "Capacitor SMD 0603 (1608 Metric), square (rectangular) end terminal, IPC_7351 nominal, (Body size source: http://www.tortai-tech.com/upload/download/2011102023233369053.pdf), generated with kicad-footprint-generator")
    (tags capacitor)
    (path /5F1D1293)
    (attr smd)
    (fp_text reference C5 (at 1.9645 -1.66 180) (layer F.SilkS)
      (effects (font (size 1 1) (thickness 0.15)))
    )
    (fp_text value 100nF (at -7.0525 0.118 90) (layer F.Fab)
      (effects (font (size 1 1) (thickness 0.15)))
    )
    (fp_line (start 1.48 0.73) (end -1.48 0.73) (layer F.CrtYd) (width 0.05))
    (fp_line (start 1.48 -0.73) (end 1.48 0.73) (layer F.CrtYd) (width 0.05))
    (fp_line (start -1.48 -0.73) (end 1.48 -0.73) (layer F.CrtYd) (width 0.05))
    (fp_line (start -1.48 0.73) (end -1.48 -0.73) (layer F.CrtYd) (width 0.05))
    (fp_line (start -0.162779 0.51) (end 0.162779 0.51) (layer F.SilkS) (width 0.12))
    (fp_line (start -0.162779 -0.51) (end 0.162779 -0.51) (layer F.SilkS) (width 0.12))
    (fp_line (start 0.8 0.4) (end -0.8 0.4) (layer F.Fab) (width 0.1))
    (fp_line (start 0.8 -0.4) (end 0.8 0.4) (layer F.Fab) (width 0.1))
    (fp_line (start -0.8 -0.4) (end 0.8 -0.4) (layer F.Fab) (width 0.1))
    (fp_line (start -0.8 0.4) (end -0.8 -0.4) (layer F.Fab) (width 0.1))
    (fp_text user %R (at 0 0 90) (layer F.Fab)
      (effects (font (size 0.4 0.4) (thickness 0.06)))
    )
    (pad 1 smd roundrect (at -0.7875 0 90) (size 0.875 0.95) (layers F.Cu F.Paste F.Mask) (roundrect_rratio 0.25)
      (net 4 VDD))
    (pad 2 smd roundrect (at 0.7875 0 90) (size 0.875 0.95) (layers F.Cu F.Paste F.Mask) (roundrect_rratio 0.25)
      (net 1 GND))
    (model ${KISYS3DMOD}/Capacitor_SMD.3dshapes/C_0603_1608Metric.wrl
      (at (xyz 0 0 0))
      (scale (xyz 1 1 1))
      (rotate (xyz 0 0 0))
    )
  )

  (module LED_SMD:LED_0603_1608Metric (layer F.Cu) (tedit 5B301BBE) (tstamp 5F1AFAAD)
    (at 141.971 99.7 180)
    (descr "LED SMD 0603 (1608 Metric), square (rectangular) end terminal, IPC_7351 nominal, (Body size source: http://www.tortai-tech.com/upload/download/2011102023233369053.pdf), generated with kicad-footprint-generator")
    (tags diode)
    (path /5F1E78C5)
    (attr smd)
    (fp_text reference D1 (at 2.032 -0.013 90) (layer F.SilkS)
      (effects (font (size 1 1) (thickness 0.15)))
    )
    (fp_text value LED (at -0.127 8.115) (layer F.Fab)
      (effects (font (size 1 1) (thickness 0.15)))
    )
    (fp_line (start 0.8 -0.4) (end -0.5 -0.4) (layer F.Fab) (width 0.1))
    (fp_line (start -0.5 -0.4) (end -0.8 -0.1) (layer F.Fab) (width 0.1))
    (fp_line (start -0.8 -0.1) (end -0.8 0.4) (layer F.Fab) (width 0.1))
    (fp_line (start -0.8 0.4) (end 0.8 0.4) (layer F.Fab) (width 0.1))
    (fp_line (start 0.8 0.4) (end 0.8 -0.4) (layer F.Fab) (width 0.1))
    (fp_line (start 0.8 -0.735) (end -1.485 -0.735) (layer F.SilkS) (width 0.12))
    (fp_line (start -1.485 -0.735) (end -1.485 0.735) (layer F.SilkS) (width 0.12))
    (fp_line (start -1.485 0.735) (end 0.8 0.735) (layer F.SilkS) (width 0.12))
    (fp_line (start -1.48 0.73) (end -1.48 -0.73) (layer F.CrtYd) (width 0.05))
    (fp_line (start -1.48 -0.73) (end 1.48 -0.73) (layer F.CrtYd) (width 0.05))
    (fp_line (start 1.48 -0.73) (end 1.48 0.73) (layer F.CrtYd) (width 0.05))
    (fp_line (start 1.48 0.73) (end -1.48 0.73) (layer F.CrtYd) (width 0.05))
    (fp_text user %R (at 0 0) (layer F.Fab)
      (effects (font (size 0.4 0.4) (thickness 0.06)))
    )
    (pad 2 smd roundrect (at 0.7875 0 180) (size 0.875 0.95) (layers F.Cu F.Paste F.Mask) (roundrect_rratio 0.25)
      (net 5 "Net-(D1-Pad2)"))
    (pad 1 smd roundrect (at -0.7875 0 180) (size 0.875 0.95) (layers F.Cu F.Paste F.Mask) (roundrect_rratio 0.25)
      (net 6 "Net-(D1-Pad1)"))
    (model ${KISYS3DMOD}/LED_SMD.3dshapes/LED_0603_1608Metric.wrl
      (at (xyz 0 0 0))
      (scale (xyz 1 1 1))
      (rotate (xyz 0 0 0))
    )
  )

  (module LED_SMD:LED_0603_1608Metric (layer F.Cu) (tedit 5B301BBE) (tstamp 5F1AFAC0)
    (at 141.971 96.284 180)
    (descr "LED SMD 0603 (1608 Metric), square (rectangular) end terminal, IPC_7351 nominal, (Body size source: http://www.tortai-tech.com/upload/download/2011102023233369053.pdf), generated with kicad-footprint-generator")
    (tags diode)
    (path /5F1F4DCD)
    (attr smd)
    (fp_text reference D2 (at 2.032 0.127 90) (layer F.SilkS)
      (effects (font (size 1 1) (thickness 0.15)))
    )
    (fp_text value LED (at 0 7.62) (layer F.Fab)
      (effects (font (size 1 1) (thickness 0.15)))
    )
    (fp_line (start 1.48 0.73) (end -1.48 0.73) (layer F.CrtYd) (width 0.05))
    (fp_line (start 1.48 -0.73) (end 1.48 0.73) (layer F.CrtYd) (width 0.05))
    (fp_line (start -1.48 -0.73) (end 1.48 -0.73) (layer F.CrtYd) (width 0.05))
    (fp_line (start -1.48 0.73) (end -1.48 -0.73) (layer F.CrtYd) (width 0.05))
    (fp_line (start -1.485 0.735) (end 0.8 0.735) (layer F.SilkS) (width 0.12))
    (fp_line (start -1.485 -0.735) (end -1.485 0.735) (layer F.SilkS) (width 0.12))
    (fp_line (start 0.8 -0.735) (end -1.485 -0.735) (layer F.SilkS) (width 0.12))
    (fp_line (start 0.8 0.4) (end 0.8 -0.4) (layer F.Fab) (width 0.1))
    (fp_line (start -0.8 0.4) (end 0.8 0.4) (layer F.Fab) (width 0.1))
    (fp_line (start -0.8 -0.1) (end -0.8 0.4) (layer F.Fab) (width 0.1))
    (fp_line (start -0.5 -0.4) (end -0.8 -0.1) (layer F.Fab) (width 0.1))
    (fp_line (start 0.8 -0.4) (end -0.5 -0.4) (layer F.Fab) (width 0.1))
    (fp_text user %R (at 0 0) (layer F.Fab)
      (effects (font (size 0.4 0.4) (thickness 0.06)))
    )
    (pad 1 smd roundrect (at -0.7875 0 180) (size 0.875 0.95) (layers F.Cu F.Paste F.Mask) (roundrect_rratio 0.25)
      (net 7 /RXD))
    (pad 2 smd roundrect (at 0.7875 0 180) (size 0.875 0.95) (layers F.Cu F.Paste F.Mask) (roundrect_rratio 0.25)
      (net 8 "Net-(D2-Pad2)"))
    (model ${KISYS3DMOD}/LED_SMD.3dshapes/LED_0603_1608Metric.wrl
      (at (xyz 0 0 0))
      (scale (xyz 1 1 1))
      (rotate (xyz 0 0 0))
    )
  )

  (module Connector_USB:USB_C_Receptacle_Palconn_UTC16-G (layer F.Cu) (tedit 5CF432E0) (tstamp 5F1AFAEA)
    (at 124.953 103.9 270)
    (descr http://www.palpilot.com/wp-content/uploads/2017/05/UTC027-GKN-OR-Rev-A.pdf)
    (tags "USB C Type-C Receptacle USB2.0")
    (path /5F1AA8CC)
    (attr smd)
    (fp_text reference J1 (at -5.33 4.03 180) (layer F.SilkS) hide
      (effects (font (size 1 1) (thickness 0.15)))
    )
    (fp_text value USB_C_Receptacle_USB2.0 (at 0 6.24 90) (layer F.Fab)
      (effects (font (size 1 1) (thickness 0.15)))
    )
    (fp_line (start -4.47 -2.48) (end 4.47 -2.48) (layer F.Fab) (width 0.1))
    (fp_line (start 4.47 -2.48) (end 4.47 4.84) (layer F.Fab) (width 0.1))
    (fp_line (start 4.47 4.84) (end -4.47 4.84) (layer F.Fab) (width 0.1))
    (fp_line (start -4.47 -2.48) (end -4.47 4.84) (layer F.Fab) (width 0.1))
    (fp_line (start -5.27 5.34) (end 5.27 5.34) (layer F.CrtYd) (width 0.05))
    (fp_line (start -5.27 -3.59) (end -5.27 5.34) (layer F.CrtYd) (width 0.05))
    (fp_line (start 5.27 -3.59) (end -5.27 -3.59) (layer F.CrtYd) (width 0.05))
    (fp_line (start 5.27 5.34) (end 5.27 -3.59) (layer F.CrtYd) (width 0.05))
    (fp_line (start -4.47 4.34) (end 4.47 4.34) (layer Dwgs.User) (width 0.1))
    (fp_line (start -4.47 -0.67) (end -4.47 1.13) (layer F.SilkS) (width 0.12))
    (fp_line (start -4.47 4.84) (end -4.47 3.38) (layer F.SilkS) (width 0.12))
    (fp_line (start 4.47 4.84) (end 4.47 3.38) (layer F.SilkS) (width 0.12))
    (fp_line (start 4.47 -0.67) (end 4.47 1.13) (layer F.SilkS) (width 0.12))
    (fp_line (start 4.47 4.84) (end -4.47 4.84) (layer F.SilkS) (width 0.12))
    (fp_text user %R (at 0 1.18 90) (layer F.Fab)
      (effects (font (size 1 1) (thickness 0.15)))
    )
    (fp_text user "PCB Edge" (at 0 3.43 90) (layer Dwgs.User)
      (effects (font (size 1 1) (thickness 0.15)))
    )
    (pad S1 thru_hole oval (at -4.32 -1.93) (size 2 0.9) (drill oval 1.7 0.6) (layers *.Cu *.Mask)
      (net 1 GND))
    (pad S1 thru_hole oval (at 4.32 -1.93) (size 2 0.9) (drill oval 1.7 0.6) (layers *.Cu *.Mask)
      (net 1 GND))
    (pad S1 thru_hole oval (at -4.32 2.24) (size 1.7 0.9) (drill oval 1.4 0.6) (layers *.Cu *.Mask)
      (net 1 GND))
    (pad S1 thru_hole oval (at 4.32 2.24) (size 1.7 0.9) (drill oval 1.4 0.6) (layers *.Cu *.Mask)
      (net 1 GND))
    (pad B7 smd rect (at -0.75 -2.51 90) (size 0.3 1.16) (layers F.Cu F.Paste F.Mask)
      (net 9 "Net-(J1-PadA7)"))
    (pad A6 smd rect (at -0.25 -2.51 90) (size 0.3 1.16) (layers F.Cu F.Paste F.Mask)
      (net 10 "Net-(J1-PadA6)"))
    (pad A7 smd rect (at 0.25 -2.51 90) (size 0.3 1.16) (layers F.Cu F.Paste F.Mask)
      (net 9 "Net-(J1-PadA7)"))
    (pad B8 smd rect (at -1.75 -2.51 90) (size 0.3 1.16) (layers F.Cu F.Paste F.Mask)
      (net 11 "Net-(J1-PadB8)"))
    (pad A5 smd rect (at -1.25 -2.51 90) (size 0.3 1.16) (layers F.Cu F.Paste F.Mask)
      (net 12 "Net-(J1-PadA5)"))
    (pad A8 smd rect (at 1.25 -2.51 90) (size 0.3 1.16) (layers F.Cu F.Paste F.Mask)
      (net 13 "Net-(J1-PadA8)"))
    (pad B6 smd rect (at 0.75 -2.51 90) (size 0.3 1.16) (layers F.Cu F.Paste F.Mask)
      (net 10 "Net-(J1-PadA6)"))
    (pad B5 smd rect (at 1.75 -2.51 90) (size 0.3 1.16) (layers F.Cu F.Paste F.Mask)
      (net 14 "Net-(J1-PadB5)"))
    (pad "" np_thru_hole circle (at 2.89 -1.45 90) (size 0.6 0.6) (drill 0.6) (layers *.Cu *.Mask))
    (pad "" np_thru_hole circle (at -2.89 -1.45 90) (size 0.6 0.6) (drill 0.6) (layers *.Cu *.Mask))
    (pad A4 smd rect (at -2.4 -2.51 270) (size 0.6 1.16) (layers F.Cu F.Paste F.Mask)
      (net 2 VBUS))
    (pad B9 smd rect (at -2.4 -2.51 270) (size 0.6 1.16) (layers F.Cu F.Paste F.Mask)
      (net 2 VBUS))
    (pad A1 smd rect (at -3.2 -2.51 270) (size 0.6 1.16) (layers F.Cu F.Paste F.Mask)
      (net 1 GND))
    (pad B12 smd rect (at -3.2 -2.51 270) (size 0.6 1.16) (layers F.Cu F.Paste F.Mask)
      (net 1 GND))
    (pad B4 smd rect (at 2.4 -2.51 270) (size 0.6 1.16) (layers F.Cu F.Paste F.Mask)
      (net 2 VBUS))
    (pad B1 smd rect (at 3.2 -2.51 270) (size 0.6 1.16) (layers F.Cu F.Paste F.Mask)
      (net 1 GND))
    (pad A9 smd rect (at 2.4 -2.51 270) (size 0.6 1.16) (layers F.Cu F.Paste F.Mask)
      (net 2 VBUS))
    (pad A12 smd rect (at 3.2 -2.51 270) (size 0.6 1.16) (layers F.Cu F.Paste F.Mask)
      (net 1 GND))
    (model ${KISYS3DMOD}/Connector_USB.3dshapes/USB_C_Receptacle_Palconn_UTC16-G.wrl
      (at (xyz 0 0 0))
      (scale (xyz 1 1 1))
      (rotate (xyz 0 0 0))
    )
  )

  (module Resistor_SMD:R_0603_1608Metric (layer F.Cu) (tedit 5B301BBD) (tstamp 5F1B0C37)
    (at 131.3 106.4 180)
    (descr "Resistor SMD 0603 (1608 Metric), square (rectangular) end terminal, IPC_7351 nominal, (Body size source: http://www.tortai-tech.com/upload/download/2011102023233369053.pdf), generated with kicad-footprint-generator")
    (tags resistor)
    (path /5F1AFED0)
    (attr smd)
    (fp_text reference R1 (at 0.124 -2.838) (layer F.SilkS)
      (effects (font (size 1 1) (thickness 0.15)))
    )
    (fp_text value 22R (at 0.251 -1.568) (layer F.Fab)
      (effects (font (size 1 1) (thickness 0.15)))
    )
    (fp_line (start 1.48 0.73) (end -1.48 0.73) (layer F.CrtYd) (width 0.05))
    (fp_line (start 1.48 -0.73) (end 1.48 0.73) (layer F.CrtYd) (width 0.05))
    (fp_line (start -1.48 -0.73) (end 1.48 -0.73) (layer F.CrtYd) (width 0.05))
    (fp_line (start -1.48 0.73) (end -1.48 -0.73) (layer F.CrtYd) (width 0.05))
    (fp_line (start -0.162779 0.51) (end 0.162779 0.51) (layer F.SilkS) (width 0.12))
    (fp_line (start -0.162779 -0.51) (end 0.162779 -0.51) (layer F.SilkS) (width 0.12))
    (fp_line (start 0.8 0.4) (end -0.8 0.4) (layer F.Fab) (width 0.1))
    (fp_line (start 0.8 -0.4) (end 0.8 0.4) (layer F.Fab) (width 0.1))
    (fp_line (start -0.8 -0.4) (end 0.8 -0.4) (layer F.Fab) (width 0.1))
    (fp_line (start -0.8 0.4) (end -0.8 -0.4) (layer F.Fab) (width 0.1))
    (fp_text user %R (at 0 0) (layer F.Fab)
      (effects (font (size 0.4 0.4) (thickness 0.06)))
    )
    (pad 1 smd roundrect (at -0.7875 0 180) (size 0.875 0.95) (layers F.Cu F.Paste F.Mask) (roundrect_rratio 0.25)
      (net 16 /D-))
    (pad 2 smd roundrect (at 0.7875 0 180) (size 0.875 0.95) (layers F.Cu F.Paste F.Mask) (roundrect_rratio 0.25)
      (net 9 "Net-(J1-PadA7)"))
    (model ${KISYS3DMOD}/Resistor_SMD.3dshapes/R_0603_1608Metric.wrl
      (at (xyz 0 0 0))
      (scale (xyz 1 1 1))
      (rotate (xyz 0 0 0))
    )
  )

  (module Resistor_SMD:R_0603_1608Metric (layer F.Cu) (tedit 5B301BBD) (tstamp 5F1AFB59)
    (at 131.3 104.7 180)
    (descr "Resistor SMD 0603 (1608 Metric), square (rectangular) end terminal, IPC_7351 nominal, (Body size source: http://www.tortai-tech.com/upload/download/2011102023233369053.pdf), generated with kicad-footprint-generator")
    (tags resistor)
    (path /5F1B0931)
    (attr smd)
    (fp_text reference R2 (at 0.124 -3.268) (layer F.SilkS)
      (effects (font (size 1 1) (thickness 0.15)))
    )
    (fp_text value 22R (at 0 1.43) (layer F.Fab)
      (effects (font (size 1 1) (thickness 0.15)))
    )
    (fp_line (start -0.8 0.4) (end -0.8 -0.4) (layer F.Fab) (width 0.1))
    (fp_line (start -0.8 -0.4) (end 0.8 -0.4) (layer F.Fab) (width 0.1))
    (fp_line (start 0.8 -0.4) (end 0.8 0.4) (layer F.Fab) (width 0.1))
    (fp_line (start 0.8 0.4) (end -0.8 0.4) (layer F.Fab) (width 0.1))
    (fp_line (start -0.162779 -0.51) (end 0.162779 -0.51) (layer F.SilkS) (width 0.12))
    (fp_line (start -0.162779 0.51) (end 0.162779 0.51) (layer F.SilkS) (width 0.12))
    (fp_line (start -1.48 0.73) (end -1.48 -0.73) (layer F.CrtYd) (width 0.05))
    (fp_line (start -1.48 -0.73) (end 1.48 -0.73) (layer F.CrtYd) (width 0.05))
    (fp_line (start 1.48 -0.73) (end 1.48 0.73) (layer F.CrtYd) (width 0.05))
    (fp_line (start 1.48 0.73) (end -1.48 0.73) (layer F.CrtYd) (width 0.05))
    (fp_text user %R (at 0 0) (layer F.Fab)
      (effects (font (size 0.4 0.4) (thickness 0.06)))
    )
    (pad 2 smd roundrect (at 0.7875 0 180) (size 0.875 0.95) (layers F.Cu F.Paste F.Mask) (roundrect_rratio 0.25)
      (net 10 "Net-(J1-PadA6)"))
    (pad 1 smd roundrect (at -0.7875 0 180) (size 0.875 0.95) (layers F.Cu F.Paste F.Mask) (roundrect_rratio 0.25)
      (net 17 /D+))
    (model ${KISYS3DMOD}/Resistor_SMD.3dshapes/R_0603_1608Metric.wrl
      (at (xyz 0 0 0))
      (scale (xyz 1 1 1))
      (rotate (xyz 0 0 0))
    )
  )

  (module Resistor_SMD:R_0603_1608Metric (layer F.Cu) (tedit 5B301BBD) (tstamp 5F1AFB6A)
    (at 136.1 107.9)
    (descr "Resistor SMD 0603 (1608 Metric), square (rectangular) end terminal, IPC_7351 nominal, (Body size source: http://www.tortai-tech.com/upload/download/2011102023233369053.pdf), generated with kicad-footprint-generator")
    (tags resistor)
    (path /5F1CEA73)
    (attr smd)
    (fp_text reference R3 (at 0 1.465) (layer F.SilkS)
      (effects (font (size 1 1) (thickness 0.15)))
    )
    (fp_text value 10K (at 0 1.43) (layer F.Fab)
      (effects (font (size 1 1) (thickness 0.15)))
    )
    (fp_line (start 1.48 0.73) (end -1.48 0.73) (layer F.CrtYd) (width 0.05))
    (fp_line (start 1.48 -0.73) (end 1.48 0.73) (layer F.CrtYd) (width 0.05))
    (fp_line (start -1.48 -0.73) (end 1.48 -0.73) (layer F.CrtYd) (width 0.05))
    (fp_line (start -1.48 0.73) (end -1.48 -0.73) (layer F.CrtYd) (width 0.05))
